{
  "bpm": 112.6004638671875,
  "chord_stability": {
    "change_rate": 2.6890101325019486,
    "unique_chords": 7
  },
  "dynamic_complexity": 4.263421058654785,
  "energy_curve": {
    "mean": 7009.640625,
    "peak_count": 6564,
    "std": 6119.27587890625
  },
  "genre": [
    {
      "label": "Rock---Blues Rock",
      "score": 0.22022417187690735
    },
    {
      "label": "Rock---Classic Rock",
      "score": 0.18305370211601257
    },
    {
      "label": "Rock---Psychedelic Rock",
      "score": 0.15138238668441772
    },
    {
      "label": "Rock---Southern Rock",
      "score": 0.09706008434295654
    },
    {
      "label": "Rock---Hard Rock",
      "score": 0.09440621733665466
    },
    {
      "label": "Rock---Pop Rock",
      "score": 0.09071218967437744
    },
    {
      "label": "Rock---Prog Rock",
      "score": 0.06763646006584167
    },
    {
      "label": "Rock---Acid Rock",
      "score": 0.061458736658096313
    },
    {
      "label": "Rock---Country Rock",
      "score": 0.05974316596984863
    },
    {
      "label": "Rock---Folk Rock",
      "score": 0.051326245069503784
    }
  ],
  "genre_embeddings": [
    0.14285162091255188,
    0.0005283362697809935,
    -0.0041514234617352486,
    -0.010727150365710258,
    0.0249224491417408,
    -8.638675353722647e-05,
    0.0003930553502868861,
    -0.043910522013902664,
    0.07875201106071472,
    -0.003934042993932962,
    0.04721841588616371,
    0.02079520747065544,
    0.009045947343111038,
    0.2946772575378418,
    0.06281910091638565,
    0.06011969968676567,
    0.012062721885740757,
    -0.003313580760732293,
    -0.026367485523223877,
    0.012703348882496357,
    0.10158535838127136,
    0.02467135526239872,
    0.09037376940250397,
    0.1683952957391739,
    0.04196057841181755,
    0.043002910912036896,
    -0.016360091045498848,
    0.13225939869880676,
    -0.007156545761972666,
    0.01580679416656494,
    6.0289301472948864e-05,
    0.006825517863035202,
    0.032959774136543274,
    -0.02025945857167244,
    -0.04586789384484291,
    0.043459195643663406,
    0.31532371044158936,
    -0.02782300114631653,
    -0.010629984550178051,
    0.027019426226615906,
    -0.032235171645879745,
    -0.026723911985754967,
    0.009871854446828365,
    -0.03742680698633194,
    0.0026039108633995056,
    0.016573136672377586,
    0.11880041658878326,
    0.09182192385196686,
    0.00589141296222806,
    -0.00978788360953331,
    0.0147552490234375,
    0.04141171649098396,
    0.0259510800242424,
    0.10906729847192764,
    0.02930161915719509,
    -0.008726398460566998,
    0.019519951194524765,
    0.0006901311571709812,
    0.019839301705360413,
    0.009172345511615276,
    0.1482771784067154,
    -0.0173940472304821,
    0.024692878127098083,
    -0.004898163955658674,
    0.00555630587041378,
    -0.029449181631207466,
    0.1352056860923767,
    0.07111041992902756,
    0.02849956788122654,
    -0.0007067269762046635,
    0.2830077111721039,
    0.03896414116024971,
    -0.0033946256153285503,
    0.005642636679112911,
    0.01575421914458275,
    -0.008225593715906143,
    0.05065486580133438,
    -0.020234959200024605,
    -0.00839155912399292,
    0.38560160994529724,
    -0.016607088968157768,
    -0.0021072952076792717,
    0.012770762667059898,
    -0.031633954495191574,
    0.04808233678340912,
    0.09745363891124725,
    0.14990468323230743,
    -0.003809230634942651,
    -0.031644996255636215,
    -0.03846904635429382,
    -0.020171571522951126,
    0.1078343391418457,
    0.14017575979232788,
    0.033314406871795654,
    -0.009379194118082523,
    0.01760554499924183,
    0.49748167395591736,
    -0.02069549262523651,
    0.052294984459877014,
    0.15491077303886414,
    -0.0026250260416418314,
    -0.03819193318486214,
    -0.004203274380415678,
    0.06887886673212051,
    0.054398950189352036,
    -0.008027143776416779,
    0.004362606443464756,
    0.0268385112285614,
    0.08085225522518158,
    -0.0007783349137753248,
    0.037902459502220154,
    0.15107595920562744,
    0.035049423575401306,
    0.02734507992863655,
    0.011809873394668102,
    0.03526780381798744,
    0.048203639686107635,
    0.002817608416080475,
    0.05484680458903313,
    -0.0022195514757186174,
    -0.01706823520362377,
    0.011973527260124683,
    0.0038045127876102924,
    0.036615706980228424,
    0.02479654736816883,
    -0.04148119315505028,
    -0.0070889233611524105,
    0.01240047812461853
  ],
  "groove": {
    "beat_confidence": 0.5236438512802124,
    "beat_consistency": 0.621318409552478,
    "danceability": 1.2321722507476807,
    "dnc_bpm": 579.6550903320312,
    "syncopation": 0.012646656483411789,
    "tempo_stability": 0.9700682396897898
  },
  "key": {
    "confidence": 0.8527593016624451,
    "scale": "minor",
    "tonic": "G"
  },
  "loudness": 3493.218994140625,
  "metadata": {
    "album": "Machine Head",
    "artist": "Deep Purple",
    "audio_length": 15088080,
    "date": "1987-07-07",
    "duration": 342.1333333333333,
    "genre": [
      "Hard Rock"
    ],
    "musicbrainz_artistid": "79491354-3d83-40e3-9d8e-7592d58d790a",
    "musicbrainz_releasegroupid": "d00243c5-adcf-3018-9aa7-1957d7a5a774",
    "musicbrainz_releasetrackid": "a3feb5bb-bddf-36ac-a180-154ecdabc25f",
    "path": "/home/dillavou/Smoke_on_the_Water.flac",
    "title": "Smoke on the Water"
  },
  "mfcc": {
    "covariance": [
      [
        12222.521971240758,
        18.982155918076252,
        -146.62078817196647,
        -240.3270832600751,
        -293.56959743060617,
        194.0908490746041,
        -16.13084173098585,
        109.29292733179084,
        -73.80191257207095,
        85.62080855073093,
        28.751303270668775,
        65.06713585092055,
        -176.1394861667708
      ],
      [
        18.982155918076252,
        1203.409555298283,
        -360.8019478100266,
        -35.45779873691118,
        44.36923158321775,
        -63.63307441831737,
        7.2680192146494385,
        43.77497311795932,
        -36.86598925017315,
        -24.054085141030555,
        -36.73096270747918,
        -36.841762621480164,
        -19.27633517678906
      ],
      [
        -146.62078817196647,
        -360.8019478100266,
        685.8960898588058,
        28.217604773238275,
        19.14866722826105,
        115.4328986328482,
        58.940905543037296,
        16.394090079299335,
        42.83719990772394,
        -30.099160083734397,
        18.384549015019292,
        41.12048236359736,
        13.872013287293937
      ],
      [
        -240.3270832600751,
        -35.45779873691118,
        28.217604773238275,
        196.08976321396239,
        20.204344696356912,
        -14.132047112790511,
        -39.45365621539087,
        -21.459620804442395,
        8.70242674997295,
        8.777961582580772,
        -23.853004605048547,
        5.276125122460588,
        16.274963493218543
      ],
      [
        -293.56959743060617,
        44.36923158321775,
        19.14866722826105,
        20.204344696356912,
        144.49909058990852,
        26.094239613231085,
        14.335744197657835,
        -10.127411824219305,
        10.067275160424398,
        -8.883707018189233,
        1.4336202681084158,
        4.388146368189493,
        6.363329422668648
      ],
      [
        194.0908490746041,
        -63.63307441831737,
        115.4328986328482,
        -14.132047112790511,
        26.094239613231085,
        121.09962588068419,
        55.44331571046345,
        19.682042109290066,
        -5.067154509516351,
        -5.798907821006582,
        9.304859091338182,
        16.572160180877525,
        -6.126475538363202
      ],
      [
        -16.13084173098585,
        7.2680192146494385,
        58.940905543037296,
        -39.45365621539087,
        14.335744197657835,
        55.44331571046345,
        112.85053398672339,
        40.294574603516025,
        -3.587936729334514,
        -10.851643506573298,
        10.542074655010008,
        0.022214275765072913,
        -2.908567886762916
      ],
      [
        109.29292733179084,
        43.77497311795932,
        16.394090079299335,
        -21.459620804442395,
        -10.127411824219305,
        19.682042109290066,
        40.294574603516025,
        92.49250011320801,
        23.174244020634895,
        -7.20214815941664,
        -0.974111528997429,
        2.3534652807773897,
        -11.690174765280204
      ],
      [
        -73.80191257207095,
        -36.86598925017315,
        42.83719990772394,
        8.70242674997295,
        10.067275160424398,
        -5.067154509516351,
        -3.587936729334514,
        23.174244020634895,
        64.4432079262424,
        18.92001175335532,
        -2.4945613667017787,
        -3.0370580112902394,
        -4.083857918782999
      ],
      [
        85.62080855073093,
        -24.054085141030555,
        -30.099160083734397,
        8.777961582580772,
        -8.883707018189233,
        -5.798907821006582,
        -10.851643506573298,
        -7.20214815941664,
        18.92001175335532,
        67.28118132082896,
        24.910209487552628,
        0.19552741754844866,
        -6.229508212256256
      ],
      [
        28.751303270668775,
        -36.73096270747918,
        18.384549015019292,
        -23.853004605048547,
        1.4336202681084158,
        9.304859091338182,
        10.542074655010008,
        -0.974111528997429,
        -2.4945613667017787,
        24.910209487552628,
        63.687180434701794,
        22.853352933547768,
        -2.324863876821787
      ],
      [
        65.06713585092055,
        -36.841762621480164,
        41.12048236359736,
        5.276125122460588,
        4.388146368189493,
        16.572160180877525,
        0.022214275765072913,
        2.3534652807773897,
        -3.0370580112902394,
        0.19552741754844866,
        22.853352933547768,
        52.61049152339174,
        15.883907925001935
      ],
      [
        -176.1394861667708,
        -19.27633517678906,
        13.872013287293937,
        16.274963493218543,
        6.363329422668648,
        -6.126475538363202,
        -2.908567886762916,
        -11.690174765280204,
        -4.083857918782999,
        -6.229508212256256,
        -2.324863876821787,
        15.883907925001935,
        52.0907489000138
      ]
    ],
    "mean": [
      -663.2838134765625,
      136.8951873779297,
      31.685590744018555,
      11.232837677001953,
      6.781493186950684,
      9.600690841674805,
      2.6295650005340576,
      3.925352096557617,
      -3.3872997760772705,
      1.0892871618270874,
      -1.7650868892669678,
      0.6790262460708618,
      -3.948054552078247
    ],
    "temporal_variation": 20.567401885986328
  },
  "mood": {
    "logits": {
      "aggressive": -0.5400773286819458,
      "happy": -0.7308794260025024,
      "party": 1.559846043586731,
      "relaxed": -3.0421652793884277,
      "sad": -0.7137436866760254
    },
    "probabilities": {
      "aggressive": 0.3681695938250009,
      "happy": 0.32500177310978406,
      "party": 0.8263312601281074,
      "relaxed": 0.04555692850281633,
      "sad": 0.32877215062158244
    }
  },
  "spectral_character": {
    "brightness": -0.7133547067642212,
    "contrast_mean": -0.7546104192733765,
    "valley_std": 4.983944892883301
  },
  "vocal": {
    "avg_pitch_duration": 0.034548351566092414,
    "pitch_presence_ratio": 0.6044381107491856,
    "pitch_segment_count": 249
  }
}